200451597
200272019
200349280
200448312
200491345
200307170
200452775
200196517
200464520
200486345
200484232
200449056
200469033
200451401
200485332
200487768
200450258
200479150
200484153
200451987
200480038
200443107
200443543
200481185
200456377
200451371
200482162
200459337
200495204
200487388
200486950
200461513
200489818
200394312
200401615
200484245
200487559
200475372
200449302
200481123
200473821
200387537
200464181
200431996
200464133
200399377
200487489
200450905
200462017
200485885
200457695
200483734
200338509
200448181
200451073
200478167
200487919
200470088
200451421
200456973
200451077
200441535
200449681
200490660
200446466
200446050
200321756
200434871
200452077
200452664
200479486
200483736
200479131
200457058
200471024
200447335
200453770
200495196
200482075
200462502
200484004
200484369
200463089
200451197
200453774
200356608
200482736
200458638
200451577
200485875
200483915
200451024
200426225
200492801
200451223
200455844
200446054
200358383
200450662
200491035
200489803
200484501
200481495
200496357
200477431
200474584
200284913
200458539
200465923
200451461
200448265
200450078
200487985
200493487
200470100
200493159
200355010
200006422
200497625
200489789
200339885
200470819
200463928
200477474
200462418
200486954
200448548
200449166
200451489
200449027
200437130
200479137
200464059
200462115
200451420
200167625
200494906
200479404
200455391
200452073
200490218
200477568
200448249
200495881
200491401
200482299
200495163
200448736
200488384
200471263
200478875
200473527
200470445
200458505
200305193
200492607
200463555
200483981
200441503
200448195
200466815
200495803
200451443
200484356
200450201
200471243
200488661
200407347
200487861
200450034
200448934
200459382
200451385
200484771
200370702
200490707
200458272
200495053
200468895
200484808
200479520
200476783
200468627
200460763
200493928
200450241
200449383
200475494
200442845
200459153
200488665
200497242
200354146
200480245
200448279
200493783
200492989
200480587
200479692
200483313
200448792
200495015
200402289
200309959
200451097
200491532
200495333
200488617
200481961
200492808
200493144
200486866
200467889
200451600
200452777
200450907
200457051
200461519
200488825
200481504
200471748
200458491
200477238
200480801
200482071
200273252
200436475
200453772
200476358
200452265
200456977
200494128
200440697
200448730
200472259
200446346
200450045
200434990
200385287
200478159
200492972
200493145
200460625
200494783
200479540
200478112
200471345
200394970
200381623
200467259
200483100
200473942
200474151
200374121
200458765
200459626
200455830
200447719
200476399
200473792
200384169
200483256
200477574
200474782
200449333
200451463
200469213
200460745
200451142
200295347
200491082
200452584
200458152
200483980
200490170
200482488
200446673
200494440
200456353
200446350
200304245
200451067
200489538
200449340
200459346
200274207
200468692
200495200
200464100
200481966
200450091
200441961
200438237
200492568
200490433
200480551
200476851
200463824
200485459
200459691
200451041
200495198
200481193
200467109
200491568
200451386
200493489
200476983
200490479
200447859
200425349
200442469
200492126
200235249
200335285
200459533
200477358
200485639
200451396
200468916
200236253
200464148
200435728
200479186
200441900
200464293
200496305
200487781
200489546
200249779
200469718
200475901
200415545
200448747
200461960
200446206
200496669
200479371
200484553
200367096
200458495
200478820
200273254
200487387
200495334
200473837
200464561
200484777
200490924
200489031
200452732
200495203
200458655
200491798
200452656
200462302
200489038
200451184
200452553
200477234
200448219
200482421
200448230
200450234
200484011
200495217
200487882
200458020
200473895
200481502
200447413
200496406
200496873
200461571
200451233
200456694
200459844
200448737
200485219
200451632
200451292
200277007
200480660
200482795
200446045
200210670
200490224
200458909
200476831
200493141
200481790
200464722
200490425
200451433
200451169
200492104
200476761
200481218
200489252
200448372
200457248
200493488
200496100
200485349
200474450
200489229
200442852
200123933
200489915
200451003
200459081
200450658
200477058
200437672
200452774
200480641
200492625
200446461
200494829
200463113
200470991
200364662
200497083
200485952
200479130
200477849
200447734
200483699
200446343
200492850
200495626
200494958
200489086
200494542
200495248
200480561
200209611
200480391
200355027
200450896
200451014
200488610
200492575
200458620
200451089
200493089
200477346
200447694
200496862
200451613
200451491
200494495
200470090
200495060
200461793
200457225
200469919
200449453
200456247
200481650
200492070
200487512
200451966
200480719
200451467
200481492
200482478
200495318
200487955
200488473
200476640
200470115
200355128
200483039
200448142
200496343
200451378
200450894
200485117
200480858
200481452
200446448
200463883
200489234
200491087
200382482
200488174
200485462
200488882
200493624
200467937
200488445
200487983
200475925
200487434
200493546
200474648
200446662
200481203
200476330
200451965
200497104
200443582
200419747
200451417
200460185
200486231
200456748
200458048
200447424
200487810
200496112
200448901
200483636
200469784
200167620
200470086
200452277
200451771
200495249
200461798
200490215
200451145
200461233
200483074
200469034
200481780
200304147
200490166
200257391
200463598
200484001
200268477
200486988
200460402
200451529
200490204
200492395
200475894
200425958
200493868
200483731
200484563
200447416
200485001
200476786
200451019
200495331
200451419
200482064
200451594
200405522
200478797
200458366
200484373
200446660
200497310
200491431
200461294
200376497
200450074
200493365
200495066
200477811
200455329
200485128
200478369
200452002
200215272
200466809
200463639
200452147
200493584
200480868
200486361
200487911
200483964
200458026
200490035
200450187
200497085
200412883
200491960
200446039
200351066
200488607
200379089
200494781
200451997
200451805
200468505
200471140
200455331
200481857
200450904
200451995
200467754
200483737
200451962
200485658
200463849
200456367
200460148
200482409
200495253
200489608
200403891
200478063
200450095
200356587
200451937
200461221
200454945
200455840
200352765
200492846
200488431
200493831
200450262
200473232
200469013
200305901
200484296
200451107
200448218
200455016
200464583
200457628
200481270
200453773
200490051
200451084
200451102
200463912
200465913
200458501
200473913
200425055
200451266
200475087
200478963
200452451
200464227
200436287
200491635
200459111
200448170
200450177
200490827
200491375
200451607
200485469
200451026
200468952
200448794
200337379
200451262
200458907
200482070
200474637
200493553
200493621
200452778
200447471
200474094
200456763
200451610
200479760
200120865
200339882
200489051
200449771
200389043
200452529
200491811
200450043
200464136
200448519
200478277
200459834
200490724
200451389
200450199
200494410
200451254
200458906
200348870
200488231
200451615
200490227
200485380
200485666
200408927
200450266
200460466
200447856
200450224
200494405
200494179
200491415
200456705
200490597
200441520
200458549
200447490
200482475
200441189
200496788
200450041
200481751
200441246
200451545
200448765
200470729
200448923
200451387
200458616
200481189
200484217
200464593
200367356
200447863
200494175
200494406
200476982
200456420
200482858
200451192
200496384
200482407
200493248
200482072
200496392
200484375
200484402
200257219
200496090
200478076
200452237
200472989
200446465
200449021
200483602
200478328
200496351
200451478
200480546
200476079
200487412
200453475
200477631
200459129
200490869
200494213
200464880
200450092
200449016
200490135
200455834
200463542
200448186
200449836
200451546
200483717
200458425
200479499
200452070
200485894
200477870
200428888
200496659
200487746
200466298
200306755
200451825
200482768
200450093
200451013
200451264
200066278
200491339
200452662
200442858
200474579
200458168
200487608
200461517
200475907
200464541
200460516
200476370
200487601
200497145
200419802
200494243
200494761
200464761
200490600
200422203
200487545
200449017
200449639
200471696
200462410
200451092
200451057
200494789
200402328
200451475
200292970
200492790
200451379
200456692
200444147
200484565
200437789
200489850
200477572
200319990
200450911
200449830
200439674
200483150
200477888
200492075
200447771
200487876
200487317
200451181
200467262
200475173
200488676
200477772
200496778
200491820
200476516
200472257
200450098
200490196
200492983
200451237
200497703
200495644
200451017
200492602
200496658
200495801
200479985
200479785
200445942
200482160
200468433
200448733
200482392
200484400
200493781
200447454
200436311
200458489
200486877
200494096
200363861
200483727
200436728
200495197
200460816
200490841
200486993
200396269
200459703
200496383
200495895
200486202
200458494
200449332
200448087
200480243
200451162
200483273
200253201
200460993
200487921
200269995
200450898
200485467
200482154
200456307
200487079
200451609
200485421
200494104
200451398
200479183
200467423
200442597
200450228
200482319
200446354
200452375
200451033
200478826
200450909
200484922
200483609
200451207
200483712
200450070
200483622
200474625
200450175
200492151
200459360
200489078
200474669
200460400
200378755
200451794
200451236
200473018
200448520
200477856
200482290
200494712
200475605
200448348
200450272
200482420
200476978
200446453
200451424
200487807
200479453
200482841
200317982
200449093
200480035
200480620
200468612
200495650
200490606
200496825
200473859
200452352
200482857
200473883
200455973
200438203
200447445
200461005
200479305
200484006
200479730
200477832
200489027
200492793
200458035
200460765
200459788
200360126
200477712
200451367
200467470
200455274
200428578
200480055
200484552
200450097
200455850
200482375
200455081
200490733
200477855
200493855
200451466
200430411
200470508
200487249
200449703
200482801
200433192
200457107
200479487
200448141
200448217
200483421
200451384
200465994
200449373
200370030
200487474
200497393
200452190
200455326
200447895
200467973
200433596
200482479
200451972
200491357
200451468
200458743
200483219
200493061
200488667
200482456
200458903
200447399
200452999
200440234
200201405
200448523
200378521
200466722
200426215
200493085
200485350
200483604
200489743
200483223
200451528
200482464
200482871
200451176
200449206
200447664
200443806
200478027
200380611
200452099
200460082
200496374
200451279
200477891
200458595
200495672
200491781
200461003
200455300
200492385
200450656
200452118
200449277
200496405
200447864
200451991
200462422
200487730
200481442
200490610
200496362
200494448
200484905
200490910
200447659
200462224
200455005
200485718
200458646
200492275
200464524
200472049
200467301
200444369
200477004
200496676
200480353
200493265
200452524
200451388
200449057
200461018
200451122
200448029
200482922
200456277
200482073
200428886
200452439
200456717
200458559
200474391
200447709
200450254
200447481
200487184
200457623
200481913
200451629
200439212
200485766
200469199
200476457
200470412
200449164
200455384
200471390
200488910
200229584
200483243
200489914
200485768
200482471
200458485
200458798
200493570
200372488
200494771
200452266
200473839
200449511
200463041
200353669
200469501
200488230
200451426
200451036
200490145
200478828
200451270
200479320
200482296
200487980
200483725
200452169
200488845
200484487
200489909
200458010
200468417
200451263
200441770
200489609
200456339
200494804
200494266
200353151
200449618
200479869
200481958
200425952
200448787
200452492
200483419
200482909
200489593
200493501
200451992
200323235
200464585
200486213
200450057
200492876
200490242
200464137
200460260
200450229
200491427
200439147
200464586
200494708
200451382
200446641
200494954
200482455
200490669
200489686
200474063
200451281
200448209
200478800
200479379
200473857
200448112
200437704
200496879
200471745
200451374
200375302
200346650
200471104
200463112
200451470
200442637
200449805
200490663
200450075
200460677
200305839
200483601
200496612
200451076
200451072
200483732
200458045
200490814
200485132
200452098
200479337
200451460
200451469
200489904
200212608
200450257
200477898
200451578
200472501
200473453
200455325
200451756
200485449
200452359
200487088
200451535
200474446
200481114
200497239
200240789
200479336
200451407
200471185
200469032
200448488
200494539
200483391
200490109
200437150
200477347
200471280
200475355
200474650
200448216
200444677
200450688
200489776
200480890
200440289
200488457
200475398
200448955
200477640
200489289
200441896
200450064
200451462
200455227
200497678
200475386
200457676
200482120
200426504
200387334
200472489
200370039
200474372
200491769
200452556
200476122
200451580
200489030
200451581
200477848
200489033
200490894
200461722
200478153
200450478
200474844
200492893
200451438
200487900
200450099
200456326
200448191
200496472
200492551
200254638
200452155
200460237
200483716
200236299
200451444
200449594
200488669
200475180
200494152
200480363
200458036
200485078
200495547
200467321
200460433
200471689
200479713
200435855
200472517
200495267
200455212
200377265
200489564
200480761
200425945
200473515
200495549
200486241
200483974
200464615
200471355
200463823
200483274
200425949
200466641
200491785
200357316
200490470
200449284
200482487
200455263
200452540
200451402
200471015
200287954
200449880
200450071
200481416
200482450
200448152
200488611
200366883
200449693
200497149
200496364
200474938
200488526
200489800
200485066
200440659
200448984
200483393
200497623
200451376
200494249
200491021
200449187
200471947
200291488
200482415
200446034
200496890
200449361
200490167
200481695
200451465
200476969
200461292
200451986
200451980
200492648
200448786
200489503
200478082
200489167
200467520
200480836
200450083
200494449
200482905
200444707
200452389
200494673
200484370
200496045
200483251
200495880
200483715
200461521
200493044
200448165
200483285
200492557
200463856
200476599
200490373
200479978
200452570
200487859
200487380
200491764
200468429
200474420
200447436
200200084
200205376
200485322
200452350
200451476
200452000
200482918
200449775
200468082
200489573
200446516
200463177
200461501
200451286
200493924
200491385
200452157
200488119
200452018
200487916
200480362
200450906
200487723
200490892
200493896
200452729
200447440
200470037
200490858
200496765
200475082
200493536
200496646
200447732
200295358
200452263
200452497
200446441
200241417
200487941
200496916
200490723
200495257
200489805
200446291
200482472
200462049
200496543
200464898
200496668
200451614
200458039
200377424
200490926
200496787
200465516
200476777
200493784
200490247
200408561
200464554
200468777
200452776
200355116
200475343
200479834
200475961
200492389
200455330
200441525
200461516
200487377
200496821
200493299
200451473
200469016
200444156
200451606
200458928
200476976
200482281
200384160
200455324
200435777
200490234
200478808
200451202
200449825
200476395
200491436
200456712
200449857
200478903
200452035
200488842
200453771
200487740
200451247
200461977
200475963
200450893
200484371
200460617
200457629
200463942
200476295
200476055
200448893
200448074
200451353
200481722
200448163
200455236
200448953
200494220
200396778
200315024
200450222
200489651
200459174
200491377
200475272
200481778
200443028
200481957
200483707
200483957
200451524
200455299
200477851
200464588
200496387
200449368
200307864
200488228
200449096
200449020
200491862
200488635
200248956
200483024
200334213
200477001
200446121
200462010
200465920
200470114
200455301
200464590
200419371
200481003
200450271
200496327
200451487
200451988
200494779
200487984
200495193
200455387
200444715
200482282
200446174
200456254
200482298
200483086
200455621
200361029
200478130
200483573
200469512
200461978
200467141
200493099
200461794
200490362
200449778
200484845
200468907
200478864
200458159
200489810
200354266
200485211
200485762
200489083
200452657
200451354
200460871
200487537
200441698
200481501
200451271
200451800
200474414
200485327
200477866
200452423
200458496
200156495
200477812
200494504
200349958
200399604
200480675
200446055
200448276
200169799
200455240
200482661
200488824
200490496
200471233
200450891
200495323
200450267
200456363
200474380
200420852
200449553
200457690
200461092
200452730
200482708
200480797
200449029
200449884
200451598
200455287
200451783
200437694
200463566
200491634
200361781
200485568
200210709
200464479
200461273
200452787
200470721
200493022
200448264
200494262
200485124
200448046
200483922
200451409
200452612
200464499
200448954
200452462
200458615
200471744
200484527
200495327
200481969
200448940
200449024
200448310
200477110
200485050
200380909
200482280
200394317
200451257
200452738
200480033
200464589
200490222
200451397
200450207
200448938
200449014
200439880
200323231
200487797
200451630
200496182
200445708
200450235
200461936
200450101
200450252
200489529
200448743
200467313
200461826
200496674
200452742
200483724
200446041
200475588
200488823
200238635
200451093
200490807
200402778
200448183
200451182
200441890
200464599
200494908
200456698
200448226
200481733
200496380
200446460
200483930
200451380
200477330
200481654
200455835
200452463
200447519
200452269
200489562
200339877
200458513
200480884
200460776
200496866
200487915
200448138
200495242
200485651
200452594
200449273
200452457
200489740
200452595
200496086
200481460
200473299
200455222
200449892
200451422
200357423
200448945
200460176
200473038
200442550
200488630
200493906
200470549
200458811
200496106
200493508
200449095
200489596
200448162
200447426
200487029
200387073
200459990
200449018
200478938
200450586
200299666
200496773
200365693
200359594
200479704
200473768
200446052
200465344
200384664
200464085
200452247
200488126
200451777
200447448
200448144
200495832
200479673
200493785
200495669
200455399
200475555
200450240
200492595
200441505
200458742
200452250
200470378
200494184
200490236
200281290
200409038
200467841
200484197
200241152
200491070
200478907
200488972
200323233
200482320
200450899
200479462
200466291
200477869
200424920
200482776
200459019
200449023
200447393
200455273
200479476
200496083
200492784
200495839
200482510
200493190
200450219
200496575
200464594
200494678
200451481
200441880
200310107
200480229
200437317
200461354
200494226
200450260
200480645
200478916
200441076
200458263
200482289
200471746
200468889
200459467
200485094
200493375
200493010
200490680
200450227
200475571
200452658
200488249
200487487
200479557
200492584
200460189
200474004
200449092
200494977
200484833
200449025
200492613
200494228
200492739
200491827
200451437
200470994
200455293
200378587
200487084
200440971
200452128
200484351
200446705
200481472
200451393
200480276
200477853
200451022
200371007
200488857
200480554
200449890
200448260
200458683
200447660
200449766
200484473
200480586
200496867
200448179
200496347
200490916
200483733
200213021
200457681
200220258
200496342
200459523
200451767
200481884
200483933
200463905
200493686
200496837
200476451
200450263
200474933
200482279
200451536
200461326
200452600
200483711
200449097
200483702
200431126
200489779
200486992
200487986
200452515
200473551
200455818
200481087
200447699
200450017
200340817
200482825
200490832
200447865
200488683
200448526
200451990
200492073
200456683
200494241
200490921
200451541
200467440
200473793
200470548
200483700
200450890
200380251
200449768
200448784
200470550
200473571
200441959
200491614
200479847
200451932
200471222
200494231
200473536
200490965
200392263
200452166
200456747
200479544
200466209
200448314
200470749
200497440
200463898
200471018
200452530
200476853
200489843
200395727
200470940
200455241
200449002
200492734
200312358
200457457
200451985
200452581
200495321
200452242
200494260
200443295
200483400
200040591
200473902
200446475
200425350
200451058
200465189
200327693
200480888
200489954
200492586
200446693
200481883
200480527
200478315
200459628
200494719
200384884
200493572
200462215
200451964
200451954
200496551
200447643
200485954
200496848
200496672
200463844
200478588
200448734
200474172
200482151
200447739
200451471
200464053
200490436
200451978
200493480
200487927
200483263
200497196
200455625
200462024
200210439
200440956
200461197
200491351
200449687
200437686
200451214
200462111
200479688
200482679
200459304
200492309
200478926
200481692
200490890
200355888
200484515
200451035
200446218
200459342
200489796
200458033
200478089
200448870
200494802
200374601
200460997
200491819
200483598
200491380
200452482
200376256
200469131
200451601
200455396
200449022
200484485
200490695
200495654
200458900
200442632
200481745
200484347
200446138
200485996
200467348
200460539
200479135
200475951
200452364
200493529
200379076
200448204
200456332
200451117
200488452
200440759
200439208
200460947
200466831
200438802
200455215
200493362
200491360
200481676
200408052
200452103
200468978
200482410
200464155
200471978
200480877
200480865
200469518
200496289
200469474
200465568
200484034
200476997
200479798
200455841
200479204
200484508
200452150
200489619
200497316
200485974
200493321
200494467
200484551
200484509
200467891
200345099
200490474
200475045
200481500
200474422
200450094
200447406
200492831
200494115
200483726
200476400
200452268
200491786
200460429
200448182
200494202
200471235
200494240
200468915
200481859
200480431
200481339
200449251
200445734
200425943
200439233
200460622
200449307
200433422
200450084
200490879
200459872
200452605
200484261
200487953
200452735
200431270
200477841
200475378
200467135
200483109
200491910
200491404
200451372
200449312
200458029
200437365
200443026
200487691
200461296
200489783
200449030
200473575
200481705
200447898
200478499
200440680
200493479
200216775
200443223
200487754
200468176
200487364
200451726
200484773
200464547
200456266
200495879
200492748
200451526
200318300
200451226
200451998
200494776
200487497
200458042
200451375
200485367
200492350
200496831
200449720
200493368
200481496
200451174
200489611
200482134
200496677
200450900
200477845
200451395
200483735
200493828
200479085
200490232
200482884
200451147
200448222
200480062
200441688
200448157
200339450
200492563
200458902
200448346
200486995
200468069
200465549
200484803
200491762
200460537
200494232
200458022
200455847
200458648
200469444
200452496
200470794
200446333
200480218
200492302
200493133
200483730
200451521
200294300
200478810
200483020
200492891
200489034
200482842
200474673
200483354
200463266
200478267
200491636
200488599
200495638
200486833
200457329
